00000000000000000001110111101111
00000000000111010000111100010011
00000001111011010000111010110011
00000000001111110000111100010011
00000000000111110000111100010011
00000000000111110000111100010011
00000000000011010000000000010011
00000000000011101000110110110011
00000000000111011010000010000011
00000000010111010000000100010011
00000001101000010000000010110011
00000000000011101000110110110011
00000000000111011010000000000011
00000000000111010000000000010011
00000000000011101000110110110011
00000000000111011010000010000011
00000000010011010000000100010011
00000001101000010000000010110011
00000000000011101000110110110011
00000000000111011010000000000011
00000000001011010000000000010011
00000000000011101000110110110011
00000000000111011010000010000011
00000000101111010000000100010011
00000001101000010000000010110011
00000000000011101000110110110011
00000000000111011010000000000011
00000000010011101010000000000011
00000000000011010000000010010011
00000001101000001000000000110011
00000000000011101010001000100011
00000000010011101010000000000011
00000000001111010000000010010011
00000000000100000100000100110011
00000001101000010000100101100011
00000000000000000000000000000110
00000000010111101010000000000011
00000000010111101010000010000011
00000000010011101010000110000011
00000000001111101000110110110011
00000000000111011010001000000011
00000000010000001000001010110011
00000001101000101000000000110011
00000000000011101010001010100011
00000000010011101010000000000011
00000000010011101010000010000011
00000000000111010000001000010011
00000000010000001000001010110011
00000001101000101000000000110011
00000000000011101010001000100011
11111111111111101101110111101111
00000000000000000000000000000110
00000000010111101010000000000011
00000000000000000000000000010111
00000000000000000000000000111111
