00000000000000000001110111101111
00000000000111010000111100010011
00000001111011010000111010110011
00000000000111110000111100010011
00000000000111110000111100010011
00000000000111101010000000000011
00000000000011010000000010010011
00000001101000001000000000110011
00000000000011101010000010100011
00000000001011101010000000000011
00000000011111010000000010010011
00000001101000001000000000110011
00000000000011101010000100100011
00000000000111101010000000000011
00000000001011101010000010000011
00000000000100000010000100110011
00000001101000010000011001100011
00000000000111101010000000000011
00000000001111010000000010010011
00000000000100000000000110110011
00000000001100000000000000010111
00000000000111101010000010000011
00000000000111101010001000000011
00000000000111010000001010010011
00000000010100100000001100110011
00000001101000110000000010110011
00000000000111101010000010100011
11111111111111110010110111101111
00000000000000000000000000111111
