00000000000000011110110111101111
00000000000111110000111100010011
00000001111011010000111010110011
00000000000111110000111100010011
00000000000111110000111100010011
00000000001011101010000000000011
00000000000011010000000010010011
01000000000100000100000100110011
00000001101000010000001001100011
00000000000111101010000000000011
00000001101000000000111000110011
00000000000000010000110111101111
00000000001011101010000010000011
00000000000111101010000110000011
00000000000111101010001000000011
00000000001011101010001010000011
01000000010100100001001100110011
00000000001011101010001000000011
00000000010000110001001010110011
01000000010100011000001000110011
00000000000011110000111100010011
00000000010011110010000110100011
00000000000111110010000100100011
00000001110111110010000010100011
11111111111111101001111111101111
00000001101011100000000110110011
00000001101000011000111000110011
00000000000011101010111010000011
11111111111111101000111100010011
00000000000011111000110111100111
00000000000111010000111100010011
00000001111011010000111010110011
00000000000111110000111100010011
00000000000111110000111100010011
00000000000111101010000000000011
00000000000000000000111111101111
00000001101000001000000000110011
00000000000011101010000010100011
00000000001011101010000000000011
00000000000000000000111111101111
00000001101000001000000000110011
00000000000011101010000100100011
00000000000111101010000000000011
00000000001011101010000010000011
00000000000011110000111100010011
00000000000111110010000110100011
00000000000011110010000100100011
00000001110111110010000010100011
11111111111111010001111111101111
00000001101011100000000100110011
00000000001011010000110110110011
00000000000000000000111111101111
00000001101011100000000110110011
